Expert(Sto) Return Avg: 4898.07, std: 1026.87
array([5370.894, 5482.742, 5215.665, 5174.776, 5158.216, 5381.18 ,
       5137.911, 5058.196, 5366.544, 5237.004, 5217.391, 4610.456,
       5288.561, 5016.898, 4968.129, 5214.223, 5397.03 , 5228.065,
       5303.603, 5254.081, 3486.854, 5337.396, 5295.898, 5266.316,
       5277.117, 5159.66 , 5442.226, 5249.887, 5196.38 , 5204.247,
        899.984, 5306.528, 5345.958, 5553.766, 5018.121, 5241.911,
       5117.549, 5392.743, 3240.524, 5087.782, 5482.783, 5377.538,
       5455.183, 5129.274, 4935.084,  924.028, 5274.108, 1538.638,
       2153.391, 5381.858, 5018.447, 5346.021, 4880.154, 5226.671,
       5151.489, 5119.395, 5367.611, 5421.009, 5180.261, 2887.143,
       5467.586, 5268.289, 4952.503, 5335.814])
Expert(Det) Return Avg: 5328.44, std: 912.13
array([5535.98 , 5588.994, 5512.092, 5777.168, 5595.04 , 5507.913,
       5846.312, 5726.846, 5650.23 , 5516.985, 3074.657, 5612.668,
       5681.972, 5380.331, 5815.522, 5464.437, 5688.143, 5533.63 ,
       5745.441, 1961.24 , 5469.683, 5663.479, 5610.458, 5468.432,
       5578.925, 5434.347, 5600.7  , 5615.482, 5603.122, 5361.279,
       5701.792, 5419.14 , 5591.252, 5702.536, 5571.948, 5606.778,
       5790.916, 4916.212, 5516.758, 5267.306, 5530.145, 5730.437,
       5617.755, 5701.287, 5647.916, 5828.097, 5598.719, 5577.151,
       5580.834, 5280.889, 5799.232, 5711.629, 1268.77 , 5544.111,
       5449.242, 5613.854, 5644.158, 5575.154, 5589.784, 5523.156,
       5724.372, 2104.034, 5518.266, 3155.177])
{'seed': 1, 'cuda': -1, 'env': {'env_name': 'AntFH-v0', 'T': 1000, 'state_indices': 'all'}, 'sac': {'epochs': 1000, 'log_step_interval': 5000, 'update_every': 50, 'update_num': 1, 'random_explore_episodes': 10, 'batch_size': 256, 'lr': 0.001, 'alpha': 0.2, 'automatic_alpha_tuning': False, 'buffer_size': 1000000, 'num_test_episodes': 10}, 'expert': {'samples_episode': 64}, 'reward': {'use_bn': False, 'residual': False, 'hid_act': 'relu', 'hidden_sizes': [128, 128], 'clamp_magnitude': 10, 'path': None}}