Expert(Sto) Return Avg: 4436.86, std: 161.88
array([4402.78 , 4505.028, 4259.554, 4519.403, 4653.093, 4449.646,
       4514.83 , 4432.731, 4262.066, 4499.773, 4469.329, 4387.524,
       4502.33 , 4536.007, 4559.131, 4319.408, 4473.506, 4320.852,
       4401.652, 4454.619, 4582.02 , 4388.628, 4539.699, 4419.854,
       4531.755, 4333.107, 4290.086, 4531.897, 4373.637, 4211.156,
       4289.114, 4503.453, 4477.246, 4453.179, 4488.59 , 4350.394,
       4493.553, 4543.951, 4461.793, 4321.741, 4399.315, 4472.922,
       4372.308, 4600.276, 4447.897, 4555.762, 4523.262, 4359.916,
       4539.054, 4561.775, 4655.943, 4425.833, 4208.603, 4582.873,
       3457.154, 4659.799, 4378.305, 4451.549, 4377.214, 4512.91 ,
       4388.01 , 4612.461, 4379.07 , 4528.768])
Expert(Det) Return Avg: 4654.61, std: 99.07
array([4616.213, 4601.732, 4633.894, 4599.519, 4707.955, 4760.519,
       4828.529, 4565.427, 4602.868, 4529.314, 4705.543, 4618.563,
       4652.155, 4636.259, 4634.158, 4459.818, 4635.338, 4804.253,
       4765.247, 4530.882, 4768.372, 4702.159, 4716.811, 4699.307,
       4670.009, 4683.128, 4599.083, 4530.772, 4791.902, 4729.586,
       4790.828, 4693.186, 4735.38 , 4678.065, 4705.169, 4713.356,
       4704.376, 4614.32 , 4742.198, 4553.498, 4473.043, 4603.459,
       4842.482, 4559.395, 4696.987, 4689.101, 4481.015, 4744.073,
       4632.215, 4641.061, 4246.187, 4690.415, 4710.826, 4528.155,
       4570.703, 4629.66 , 4692.24 , 4624.67 , 4748.725, 4645.957,
       4655.512, 4641.9  , 4703.824, 4733.709])
{'seed': 1, 'cuda': -1, 'env': {'env_name': 'AntLeg03Disabled-v0', 'T': 1000, 'state_indices': 'all'}, 'sac': {'epochs': 3000, 'log_step_interval': 5000, 'update_every': 50, 'update_num': 1, 'random_explore_episodes': 10, 'batch_size': 256, 'lr': 0.001, 'alpha': 0.2, 'automatic_alpha_tuning': False, 'buffer_size': 1000000, 'num_test_episodes': 10}, 'expert': {'samples_episode': 64}, 'reward': {'use_bn': False, 'residual': False, 'hid_act': 'relu', 'hidden_sizes': [128, 128], 'clamp_magnitude': 10, 'path': None}}