Expert(Sto) Return Avg: 4282.29, std: 319.93
array([4423.359, 4365.01 , 4287.971, 4276.009, 4310.877, 4291.618,
       4209.023, 4130.986, 1826.68 , 4339.543, 4337.53 , 4361.868,
       4298.835, 4259.015, 4292.381, 4267.435, 4240.201, 4276.97 ,
       3975.186, 4428.252, 4293.075, 4399.369, 4381.374, 4392.164,
       4293.046, 4315.793, 4450.645, 4242.813, 4347.641, 4283.34 ,
       4363.874, 4341.554, 4349.228, 4216.568, 4408.916, 4296.01 ,
       4284.712, 4376.993, 4192.552, 4376.613, 4376.757, 4402.402,
       4442.591, 4440.858, 4253.533, 4366.952, 4268.04 , 4425.381,
       4349.9  , 4426.146, 4354.617, 4358.271, 4227.906, 4271.894,
       4259.447, 4433.89 , 4222.748, 4349.928, 4337.548, 4281.177,
       4378.129, 4295.571, 4377.871, 4359.828])
Expert(Det) Return Avg: 4453.68, std: 268.99
array([4492.285, 4538.484, 4484.975, 4465.781, 4516.882, 4566.779,
       4532.631, 4534.109, 4602.037, 4542.834, 4408.821, 4390.647,
       3470.335, 4506.91 , 4531.801, 4378.119, 4447.53 , 4423.213,
       4457.32 , 4453.615, 4567.138, 4431.101, 4565.09 , 4514.045,
       4670.298, 4476.473, 4276.792, 4378.091, 4542.765, 4519.685,
       4492.725, 4537.922, 4396.384, 4452.352, 4574.202, 4522.859,
       4537.417, 4447.97 , 4468.765, 4567.875, 4529.46 , 4455.412,
       4488.513, 4401.838, 4500.942, 4474.072, 4570.153, 2656.513,
       4536.372, 4640.559, 4532.009, 4410.91 , 4622.214, 4582.369,
       4493.725, 4547.042, 4439.07 , 4458.729, 4585.685, 4477.425,
       4470.142, 4520.613, 4406.689, 4549.841])
{'seed': 1, 'cuda': -1, 'env': {'env_name': 'AntLeg12Disabled-v0', 'T': 1000, 'state_indices': 'all'}, 'sac': {'epochs': 3000, 'log_step_interval': 5000, 'update_every': 50, 'update_num': 1, 'random_explore_episodes': 10, 'batch_size': 256, 'lr': 0.001, 'alpha': 0.2, 'automatic_alpha_tuning': False, 'buffer_size': 1000000, 'num_test_episodes': 10}, 'expert': {'samples_episode': 64}, 'reward': {'use_bn': False, 'residual': False, 'hid_act': 'relu', 'hidden_sizes': [128, 128], 'clamp_magnitude': 10, 'path': None}}