Expert(Sto) Return Avg: 3488.61, std: 13.00
array([3496.006, 3481.515, 3490.211, 3480.146, 3489.88 , 3491.078,
       3493.165, 3475.12 , 3491.341, 3466.27 , 3472.447, 3487.366,
       3485.663, 3496.532, 3494.786, 3487.748, 3492.958, 3496.741,
       3498.735, 3492.767, 3452.127, 3488.962, 3500.69 , 3514.474,
       3489.792, 3482.04 , 3514.13 , 3491.82 , 3477.479, 3502.086,
       3491.132, 3470.699, 3495.882, 3489.297, 3487.261, 3495.542,
       3488.433, 3502.188, 3487.467, 3501.582, 3510.691, 3484.544,
       3492.734, 3500.484, 3475.135, 3454.611, 3490.072, 3476.2  ,
       3477.3  , 3504.367, 3472.602, 3472.309, 3472.161, 3490.274,
       3497.488, 3480.323, 3520.592, 3494.751, 3478.164, 3510.484,
       3493.148, 3479.819, 3477.189, 3481.882])
Expert(Det) Return Avg: 3527.92, std: 3.23
array([3527.024, 3530.539, 3530.502, 3529.19 , 3527.626, 3521.963,
       3539.834, 3523.089, 3531.227, 3529.159, 3524.045, 3524.358,
       3531.685, 3527.617, 3526.631, 3529.119, 3523.81 , 3531.08 ,
       3526.567, 3526.651, 3530.556, 3525.398, 3528.282, 3526.064,
       3531.964, 3527.02 , 3522.443, 3527.889, 3528.973, 3525.998,
       3523.218, 3529.851, 3525.774, 3527.783, 3525.708, 3534.671,
       3524.041, 3529.287, 3530.401, 3530.115, 3530.422, 3526.371,
       3532.725, 3527.981, 3526.44 , 3523.626, 3525.633, 3527.635,
       3527.801, 3528.39 , 3527.912, 3524.277, 3526.016, 3527.008,
       3527.363, 3532.526, 3529.77 , 3525.651, 3521.701, 3528.425,
       3531.378, 3529.909, 3533.038, 3527.752])
{'seed': 1, 'cuda': -1, 'env': {'env_name': 'HopperFH-v0', 'T': 1000}, 'sac': {'epochs': 1000, 'log_step_interval': 5000, 'update_every': 50, 'update_num': 1, 'random_explore_episodes': 10, 'batch_size': 100, 'lr': 0.001, 'alpha': 0.2, 'automatic_alpha_tuning': False, 'buffer_size': 1000000, 'num_test_episodes': 10}, 'expert': {'samples_episode': 64}}